19
48.3
56
yang
12
13.0
56
wei
45.789
jie
10019
48.3
56
yang
12
13.0
56
wei
45.789
jie
10019
48.3
56
yang
12
13.0
56
wei
45.789
jie
10019
48.3
56
yang
12
13.0
56
wei
45.789
jie
10019
48.3
56
yang
12
13.0
56
wei
45.789
jie
10019
48.3
56
yang
12
13.0
56
wei
45.789
jie
10019
48.3
56
yang
12
13.0
56
wei
45.789
jie
10019
48.3
56
yang
12
13.0
56
wei
45.789
jie
10019
48.3
56
yang
12
13.0
56
wei
45.789
jie
10019
48.3
56
yang
12
13.0
56
wei
45.789
jie
10019
48.3
56
yang
12
13.0
56
wei
45.789
jie
10019
48.3
56
yang
12
13.0
56
wei
45.789
jie
10019
48.3
56
yang
12
13.0
56
wei
45.789
jie
10019
48.3
56
yang
12
13.0
56
wei
45.789
jie
10019
48.3
56
yang
12
13.0
56
wei
45.789
jie
10019
48.3
56
yang
12
13.0
56
wei
45.789
jie
10019
48.3
56
yang
12
13.0
56
wei
45.789
jie
10019
48.3
56
yang
12
13.0
56
wei
45.789
jie
10019
48.3
56
yang
12
13.0
56
wei
45.789
jie
100
